N/A
0
0
0
0
0
0
0
0
0
0
0
0
0
0
0
0
0
0
0
0
0
0
0
0
0
0
0
0
0
0
0
0
0
0
0
0
0
0
0
0
0
0
0
0
0
0
0
0
0
0
0
0
0
0
0
0
0
0
0
0
0
0
0
0
0
0
0
0
0
0
0
0
0
0
0
0
0
0
0
0
0
0
0
0
0
0
0
0
0
0
0
0
0
0
0
0
0
0
0
0
0
0
0
0
0
0
0
0
0
0
0
0
0
0
0
0
0
0
0
0
0
0
0
0
0
0
0
0
0
0
0
0
0
0
0
0
0
0
0
0
0
0
0
0
0
0
0
0
0
0
0
0
0
0
0
0
0
0
0.1
0.1
0.1
0.1
0.1
0.1
0.1
0.1
0.1
0.1
0.1
0.1
0.1
0.1
0.1
0.1
0.1
0.1
0.1
0.1
0.1
0.1
0.1
0.1
0.1
0.2
0.2
0.2
0.2
0.2
0.2
0.2
0.2
0.2
0.2
0.2
0.2
0.2
0.2
0.2
0.2
0.3
0.3
0.3
0.3
0.3
0.3
0.3
0.3
0.3
0.3
0.3
0.3
0.3
0.3
0.4
0.4
0.4
0.4
0.4
0.4
0.4
0.4
0.4
0.4
0.4
0.5
0.5
0.5
0.5
0.5
0.5
0.5
0.5
0.5
0.5
0.6
0.6
0.6
0.6
0.6
0.6
0.6
0.6
0.6
0.7
0.7
0.7
0.7
0.7
0.7
0.7
0.7
0.8
0.8
0.8
0.8
0.8
0.8
0.8
0.8
0.9
0.9
0.9
0.9
0.9
0.9
0.9
1
1
1
1
1
1
1.1
1.1
1.1
1.1
1.1
1.1
1.1
1.2
1.2
1.2
1.2
1.2
1.2
1.3
1.3
1.3
1.3
1.3
1.4
1.4
1.4
1.4
1.4
1.4
1.5
1.5
1.5
1.5
1.5
1.6
1.6
1.6
1.6
1.6
1.7
1.7
1.7
1.7
1.7
1.8
1.8
1.8
1.8
1.9
1.9
1.9
1.9
1.9
2
2
2
2
2.1
2.1
2.1
2.1
2.2
2.2
2.2
2.2
2.3
2.3
2.3
2.3
2.4
2.4
2.4
2.4
2.5
2.5
2.5
2.5
2.6
2.6
2.6
2.6
2.7
2.7
2.7
2.7
2.8
2.8
2.8
2.9
2.9
2.9
2.9
3
3
3
3.1
3.1
3.1
3.2
3.2
3.2
3.2
3.3
3.3
3.3
3.4
3.4
3.4
3.5
3.5
3.5
3.6
3.6
3.6
3.7
3.7
3.7
3.8
3.8
3.8
3.9
3.9
3.9
4
4
4
4.1
4.1
4.1
4.2
4.2
4.2
4.3
4.3
4.3
4.4
4.4
4.5
4.5
4.5
4.6
4.6
4.6
4.7
4.7
4.8
4.8
4.8
4.9
4.9
5
5
5
5.1
5.1
5.2
5.2
5.2
5.3
5.3
5.4
5.4
5.4
5.5
5.5
5.6
5.6
5.7
5.7
5.7
5.8
5.8
5.9
5.9
6
6
6
6.1
6.1
6.2
6.2
6.3
6.3
6.4
6.4
6.5
6.5
6.6
6.6
6.6
6.7
6.7
6.8
6.8
6.9
6.9
7
7
7.1
7.1
7.2
7.2
7.3
7.3
7.4
7.4
7.5
7.5
7.6
7.6
7.7
7.7
7.8
7.8
7.9
7.9
8
8.1
8.1
8.2
8.2
8.3
8.3
8.4
8.4
8.5
8.5
8.6
8.7
8.7
8.8
8.8
8.9
8.9
9
9
9.1
9.2
9.2
9.3
9.3
9.4
9.5
9.5
9.6
9.6
9.7
9.7
9.8
9.9
9.9
10
10.1
10.1
10.2
10.2
10.3
10.4
10.4
10.5
10.5
10.6
10.7
10.7
10.8
10.9
10.9
11
11.1
11.1
11.2
11.3
11.3
11.4
11.4
11.5
11.6
11.6
11.7
11.8
11.8
11.9
12
12.1
12.1
12.2
12.3
12.3
12.4
12.5
12.5
12.6
12.7
12.7
12.8
12.9
13
13
13.1
13.2
13.2
13.3
13.4
13.5
13.5
13.6
13.7
13.8
13.8
13.9
14
14.1
14.2
14.3
14.4
14.4
14.5
14.6
14.7
14.8
14.8
14.9
15
15.1
15.2
15.2
15.3
15.4
15.5
15.6
15.7
15.7
15.8
15.9
16
16.1
16.1
16.2
16.3
16.4
16.5
16.6
16.6
16.7
16.8
16.9
17
17.1
17.1
17.2
17.3
17.4
17.5
17.6
17.7
17.7
17.8
17.9
18
18.1
18.2
18.3
18.4
18.5
18.5
18.6
18.7
18.8
18.9
19
19.1
19.2
19.3
19.4
19.4
19.5
19.6
19.7
19.8
19.9
20
20.1
20.2
20.3
20.4
20.5
20.6
20.7
20.8
20.9
21
21.1
21.2
21.2
21.3
21.4
21.5
21.6
21.7
21.8
21.9
22
22.1
22.2
22.3
22.4
22.5
22.6
22.7
22.8
22.9
23
23.1
23.2
23.3
23.5
23.6
23.7
23.8
23.9
24
24.1
24.2
24.3
24.4
24.5
24.6
24.7
24.8
24.9
25
25.1
25.2
25.3
25.5
25.6
25.7
25.8
25.9
26
26.1
26.2
26.3
26.4
26.5
26.6
26.8
26.9
27
27.1
27.2
27.3
27.4
27.5
27.6
27.8
27.9
28
28.1
28.2
28.3
28.4
28.5
28.7
28.8
28.9
29
29.1
29.2
29.3
29.5
29.6
29.7
29.8
29.9
30
30.2
30.3
30.4
30.5
30.6
30.7
30.9
31
31.1
31.2
31.3
31.4
31.6
31.7
31.8
31.9
32
32.2
32.3
32.4
32.5
32.6
32.8
32.9
33
33.1
33.2
33.4
33.5
33.6
33.7
33.8
34
34.1
34.2
34.3
34.4
34.6
34.7
34.8
34.9
35.1
35.2
35.3
35.4
35.5
35.7
35.8
35.9
36
36.2
36.3
36.4
36.5
36.7
36.8
36.9
37
37.2
37.3
37.4
37.5
37.7
37.8
37.9
38
38.2
38.3
38.4
38.6
38.7
38.8
38.9
39.1
39.2
39.3
39.4
39.6
39.7
39.8
39.9
40.1
40.2
40.3
40.5
40.6
40.7
40.8
41
41.1
41.2
41.3
41.5
41.6
41.7
41.9
42
42.1
42.3
42.4
42.6
42.7
42.9
43.1
43.2
43.4
43.5
43.7
43.8
44
44.1
44.3
44.4
44.6
44.8
44.9
45.1
45.2
45.4
45.5
45.6
45.9
46
46.3
46.5
46.7
46.9
47.1
47.4
47.6
47.8
48
48.3
48.5
48.7
48.9
49.1
49.4
49.6
49.8
50
50.2
50.5
50.7
50.9
51.1
51.4
51.6
51.8
52
52.2
52.4
52.7
52.9
53.1
53.3
53.5
53.7
54
54.2
54.4
54.6
54.8
55
55.2
55.5
55.7
55.9
56.1
56.3
56.5
56.7
56.9
57.1
57.3
57.5
57.7
57.9
58.1
58.3
58.5
58.7
58.9
59.1
59.3
59.5
59.7
59.9
60.1
60.3
60.5
60.7
60.9
61
61.2
61.4
61.6
61.8
62
62.2
62.3
62.5
62.7
62.9
63.1
63.2
63.4
63.6
63.8
63.9
64.1
64.3
64.4
64.6
64.8
64.9
65.1
65.3
65.4
65.6
65.8
65.9
66.1
66.3
66.4
66.6
66.7
66.9
67
67.1
67.2
67.3
67.4
67.5
67.6
67.7
67.8
67.9
68
68.1
68.2
68.3
68.4
68.5
68.6
68.7
68.8
68.9
69
69.1
69.2
69.3
69.4
69.5
69.6
69.7
69.8
69.9
69.9
70
70.1
70.2
70.3
70.4
70.5
70.6
70.7
70.7
70.8
70.9
71
71.1
71.2
71.3
71.3
71.4
71.5
71.6
71.7
71.8
71.9
71.9
72
72.1
72.2
72.3
72.3
72.4
72.5
72.6
72.7
72.7
72.8
72.9
73
73
73.1
73.2
73.3
73.3
73.4
73.5
73.6
73.6
73.7
73.8
73.9
73.9
74
74.1
74.1
74.2
74.3
74.4
74.4
74.5
74.6
74.6
74.7
74.8
74.8
74.9
75
75.1
75.2
75.3
75.4
75.5
75.6
75.7
75.8
75.9
76
76.1
76.2
76.2
76.3
76.4
76.5
76.6
76.7
76.8
76.9
77
77
77.1
77.2
77.3
77.4
77.4
77.5
77.6
77.7
77.7
77.8
77.9
78
78
78.1
78.2
78.2
78.3
78.4
78.4
78.5
78.6
78.6
78.7
78.8
78.8
78.9
78.9
79
79.1
79.1
79.2
79.2
79.3
79.3
79.4
79.4
79.5
79.5
79.5
79.6
79.6
79.6
79.7
79.7
79.7
79.7
79.8
79.8
79.8
79.8
79.9
79.9
79.9
79.9
80
80
80
80
80.1
80.1
80.1
80.1
80.1
80.2
80.2
80.2
80.2
80.2
80.3
80.3
80.3
80.3
80.3
80.4
80.4
80.4
80.4
80.4
80.4
80.5
80.5
80.5
80.5
80.5
80.5
80.5
80.6
80.6
80.6
80.6
80.6
80.6
80.6
80.7
80.7
80.7
80.7
80.7
80.7
80.7
80.8
80.8
80.8
80.8
80.8
80.8
80.8
80.8
80.9
80.9
80.9
80.9
80.9
80.9
80.9
80.9
80.9
81
81
81
81
81
81
81
81
81
81.1
81.1
81.1
81.1
81.1
81.1
81.1
81.1
81.1
81.2
81.2
81.2
81.2
81.2
81.2
81.2
81.2
81.2
81.3
81.3
81.3
81.3
81.3
81.3
81.3
81.3
81.3
81.4
81.4
81.4
81.4
81.4
81.4
81.4
81.4
81.4
81.4
81.5
81.5
81.5
81.5
81.5
81.5
81.5
81.5
81.5
81.5
81.6
81.6
81.6
81.6
81.6
81.6
81.6
81.6
81.6
81.7
81.7
81.7
81.7
81.7
81.7
81.7
81.8
81.8
81.8
81.8
81.8
81.8
81.8
81.9
81.9
81.9
81.9
81.9
81.9
81.9
82
82
82
82
82
82
82
82
82.1
82.1
82.1
82.1
82.1
82.1
82.1
82.1
82.2
82.2
82.2
82.2
82.2
82.2
82.2
82.2
82.3
82.3
82.3
82.3
82.3
82.3
82.3
82.3
82.3
82.4
82.4
82.4
82.4
82.4
82.4
82.4
82.4
82.4
82.4
82.5
82.5
82.5
82.5
82.5
82.5
82.5
82.5
82.5
82.5
82.5
82.6
82.6
82.6
82.6
82.6
82.6
82.6
82.6
82.6
82.6
82.6
82.6
82.6
82.6
82.6
82.7
82.7
82.7
82.7
82.7
82.7
82.7
82.7
82.7
82.7
82.7
82.7
82.7
82.7
82.7
82.7
82.7
82.7
82.7
82.7
82.7
82.7
82.7
82.7
82.7
82.7
82.7
82.7
82.7
82.7
82.7
82.7
82.7
82.7
82.7
82.7
82.7
82.7
82.7
82.7
82.7
82.7
82.7
82.7
82.7
82.7
82.7
82.7
82.7
82.7
82.7
82.7
82.7
82.7
82.7
82.7
82.7
82.7
82.7
82.7
82.7
82.7
82.7
82.7
82.7
82.7
82.7
82.7
82.7
82.7
82.8
82.8
82.8
82.8
82.8
82.8
82.8
82.8
82.8
82.8
82.8
82.8
82.8
82.8
82.8
82.8
82.8
82.8
82.8
82.8
82.8
82.8
82.8
82.8
82.8
82.8
82.8
82.8
82.8
82.8
82.8
82.8
82.8
82.8
82.8
82.8
82.8
82.8
82.8
82.8
82.8
82.8
82.8
82.8
82.9
82.9
82.9
82.9
82.9
82.9
82.9
82.9
82.9
82.9
82.9
82.9
82.9
82.9
82.9
82.9
82.9
82.9
82.9
82.9
82.9
82.9
83
83
83
83
83
83
83
83
83
83
83
83
83
83
83
83.1
83.1
83.1
83.1
83.2
83.3
83.4
83.6
83.8
84.1
84.4
84.7
85.1
85.5
86
86.6
87.2
87.9
88.7
89.6
90.6
91.6
92.8
94
95.3
96.6
98
99.5
101.1
102.7
104.4
106.1
107.9
109.8
111.7
113.7
115.8
117.9
120.1
122.4
124.7
127
129.4
131.9
134.5
137.1
139.7
142.4
145.2
148
150.8
153.8
156.7
159.7
162.8
165.9
169.1
172.3
175.5
178.8
182.2
185.6
189
192.5
196
199.6
203.2
206.8
210.5
214.2
218
221.8
225.6
229.4
233.3
237.3
241.2
245.2
249.2
253.3
257.4
261.5
265.6
269.8
274
278.2
282.4
286.7
291
295.3
299.6
303.9
308.3
312.7
317.1
321.5
326
330.4
334.9
339.4
343.9
348.4
353
357.5
362.1
366.6
371.2
375.8
380.4
385
389.6
394.3
398.9
403.5
408.2
412.8
417.5
422.2
426.8
431.5
436.2
440.8
445.5
450.2
454.9
459.5
464.2
468.9
473.6
478.2
482.9
487.6
492.2
496.9
501.6
506.2
510.9
515.5
520.1
524.8
529.4
534
538.6
543.2
547.8
552.4
557
561.6
566.1
570.7
575.2
579.8
584.3
588.8
593.3
597.8
602.3
606.7
611.2
615.6
620
624.4
628.8
633.2
637.6
641.9
646.3
650.6
654.9
659.2
663.5
667.8
672
676.2
680.4
684.6
688.8
693
697.1
701.2
705.3
709.4
713.5
717.6
721.6
725.6
729.6
733.6
737.5
741.5
745.4
749.3
753.1
757
760.8
764.6
768.4
772.2
775.9
779.7
783.4
787.1
790.7
794.4
798
801.6
805.1
808.7
812.2
815.7
819.2
822.7
826.1
829.5
832.9
836.3
839.6
842.9
846.2
849.5
852.7
855.9
859.1
862.3
865.4
868.6
871.7
874.7
877.8
880.8
883.8
886.8
889.7
892.7
895.5
898.4
901.3
904.1
906.9
909.6
912.4
915.1
917.8
920.5
923.1
925.7
928.3
930.9
933.4
935.9
938.4
940.8
943.3
945.7
948
950.4
952.7
955
957.3
959.5
961.7
963.9
966
968.2
970.3
972.3
974.4
976.4
978.4
980.4
982.3
984.2
986.1
988
989.8
991.6
993.4
995.1
996.8
998.5
1000.2
1001.8
1003.4
1005
1006.5
1007.9
1008.9
1009.6
1010.2
1010.9
1011.4
1012
1012.2
1012.4
1012.5
1012.6
1012.8
1012.9
1013
1013.1
1013.3
1013.4
1013.5
1013.6
1013.7
1013.8
1013.9
1014
1014.1
1014.2
1014.3
1014.4
1014.5
1014.6
1014.7
1014.8
1014.9
1015
1015
1015.1
1015.2
1015.3
1015.4
1015.5
1015.6
1015.7
1015.8
1015.9
1016
1016
1016.1
1016.2
1016.3
1016.4
1016.5
1016.6
1016.7
1016.8
1016.8
1016.9
1017
1017.1
1017.2
1017.3
1017.4
1017.5
1017.6
1017.6
1017.7
1017.8
1017.9
1018
1018.1
1018.2
1018.3
1018.3
1018.4
1018.5
1018.6
1018.7
1018.8
1018.9
1018.9
1019
1019.1
1019.2
1019.3
1019.4
1019.5
1019.5
1019.6
1019.7
1019.8
1019.9
1020
1020
1020.1
1020.2
1020.3
1020.4
1020.5
1020.6
1020.6
1020.7
1020.8
1020.9
1021
1021.1
1021.2
1021.3
1021.4
1021.5
1021.6
1021.7
1021.8
1021.9
1022
1022.1
1022.2
1022.4
1022.6
1022.8
1023
1023.3
1023.6
1023.9
1024.3
1024.7
1025.1
1025.5
1025.9
1026.4
1026.9
1027.4
1027.9
1028.4
1029
1029.5
1030
1030.5
1031
1031.5
1032
1032.4
1032.9
1033.4
1033.8
1034.3
1034.7
1035.1
1035.6
1036
1036.4
1036.8
1037.2
1037.6
1038
1038.4
1038.7
1039.1
1039.4
1039.8
1040.1
1040.5
1040.8
1041.1
1041.4
1041.7
1042
1042.3
1042.6
1042.9
1043.1
1043.4
1043.6
1043.9
1044.1
1044.4
1044.6
1044.8
1045
1045.2
1045.4
1045.6
1045.8
1046
1046.1
1046.3
1046.4
1046.6
1046.7
1046.8
1047
1047.1
1047.1
1047.1
1047.2
1047.2
1047.2
1047.2
1047.2
1047.3
1047.3
1047.3
1047.3
1047.3
1047.3
1047.4
1047.4
1047.4
1047.4
1047.4
1047.4
1047.4
1047.4
1047.5
1047.5
1047.5
1047.5
1047.5
1047.5
1047.5
1047.5
1047.6
1047.6
1047.6
1047.6
1047.6
1047.6
1047.6
1047.6
1047.6
1047.6
1047.6
1047.6
1047.6
1047.7
1047.7
1047.7
1047.7
1047.7
1047.7
1047.7
1047.7
1047.8
1047.8
1047.8
1047.8
1047.8
1047.8
1047.9
1047.9
1047.9
1047.9
1047.9
1048
1048
1048
1048
1048.1
1048.1
1048.1
1048.2
1048.2
1048.2
1048.3
1048.3
1048.3
1048.4
1048.4
1048.5
1048.5
1048.6
1048.6
1048.7
1048.8
1048.8
1048.9
1048.9
1049
1049.1
1049.1
1049.2
1049.3
1049.3
1049.4
1049.5
1049.6
1049.6
1049.7
1049.8
1049.9
1050
1050
1050.1
1050.2
1050.3
1050.4
1050.4
1050.5
1050.6
1050.7
1050.8
1050.9
1051
1051
1051.1
1051.2
1051.3
1051.4
1051.5
1051.6
1051.7
1051.8
1051.8
1051.9
1052
1052.1
1052.2
1052.3
1052.4
1052.5
1052.6
1052.6
1052.7
1052.8
1052.9
1053
1053.1
1053.2
1053.3
1053.4
1053.4
1053.5
1053.6
1053.7
1053.8
1053.9
1054
1054.1
1054.1
1054.2
1054.3
1054.4
1054.5
1054.6
1054.7
1054.8
1054.9
1054.9
1055
1055.1
1055.2
1055.3
1055.4
1055.5
1055.6
1055.6
1055.7
1055.8
1055.9
1056
1056.1
1056.2
1056.3
1056.4
1056.5
1056.6
1056.7
1056.8
1056.9
1057
1057.1
1057.2
1057.2
1057.3
1057.4
1057.5
1057.6
1057.7
1057.8
1057.9
1058
1058.1
1058.2
1058.3
1058.4
1058.5
1058.5
1058.6
1058.7
1058.8
1058.9
1059
1059.1
1059.2
1059.3
1059.4
1059.5
1059.6
1059.7
1059.7
1059.8
1059.9
1060
1060.1
1060.2
1060.3
1060.4
1060.5
1060.6
1060.7
1060.8
1060.8
1060.9
1061
1061.1
1061.2
1061.3
1061.4
1061.5
1061.6
1061.7
1061.8
1061.9
1061.9
1062
1062.1
1062.2
1062.3
1062.4
1062.5
1062.6
1062.7
1062.8
1062.9
1062.9
1063
1063.1
1063.2
1063.3
1063.4
1063.5
1063.6
1063.7
1063.8
1063.9
1063.9
1064
1064.1
1064.2
1064.3
1064.4
1064.5
1064.6
1064.7
1064.8
