N/A
0
0
0
0
0
0
0
0
0
0
0
0
0
0
0
0
0
0
0
0
0
0
0
0
0
0
0
0
0
0
0
0
0
0
0
0
0
0
0
0
0
0
0
0
0
0
0
0
0
0
0
0
0
0
0
0
0
0
0
0
0
0
0
0
0
0
0
0
0
0
0
0
0
0
0
0
0
0
0
0
0
0
0
0
0
0
0
0
0
0
0
0
0
0
0
0
0
0
0
0
0
0
0
0
0
0
0
0
0
0
0
0
0
0
0
0
0
0
0
0
0
0
0
0
0
0
0
0
0
0
0
0
0
0
0
0
0
0
0
0
0
0
0
0
0
0
0
0
0
0
0
0
0
0
0
0
0
0
0
0
0
0
0
0
0
0
0
0
0
0
0
0
0
0
0
0
0
0
0
0
0
0
0
0
0
0
0
0
0
0
0
0
0
0
0
0
0
0
0
0
0
0
0
0
0
0
0
0
0
0
0
0
0
0
0
0
0
0
0
0
0
0
0
0
0
0
0
0
0
0
0
0
0
0
0
0
0
0
0
0
0
0
0
0
0
0
0
0
0
0
0
0
0
0
1
2
3
4
5
6
7
8
9
10
11
12
13
14
15
16
17
18
19
20
22
23
24
25
26
27
28
29
30
31
32
33
34
35
36
37
38
39
40
41
42
43
44
45
46
47
48
50
51
52
53
54
55
56
57
58
59
60
61
62
63
64
66
67
68
69
70
71
72
73
74
75
76
78
79
80
81
82
83
84
85
86
87
89
90
91
92
93
94
95
96
98
99
100
101
102
103
104
105
107
108
109
110
111
112
113
115
116
117
118
119
120
122
123
124
125
126
127
128
130
131
132
133
134
136
137
138
139
140
141
143
144
145
146
147
149
150
151
152
153
155
156
157
158
159
161
162
163
164
165
167
168
169
170
172
173
174
175
176
178
179
180
181
183
184
185
186
188
189
190
191
193
194
195
196
198
199
200
201
203
204
205
207
208
209
210
212
213
214
216
217
218
219
221
222
223
225
226
227
228
230
231
232
234
235
236
238
239
240
242
243
244
246
247
248
250
251
252
254
255
256
258
259
260
262
263
264
266
267
268
270
271
272
274
275
276
278
279
281
282
283
285
286
287
289
290
292
293
294
296
297
299
300
301
303
304
306
307
308
310
311
313
314
316
317
318
320
321
323
324
325
327
328
330
331
333
334
336
337
338
340
341
343
344
346
347
349
350
352
353
354
356
357
359
360
362
363
365
366
368
369
371
372
374
375
377
378
380
381
383
384
386
387
389
390
392
393
395
396
398
399
401
403
404
406
407
409
410
412
413
415
416
418
420
421
423
424
426
427
429
430
432
434
435
437
438
440
442
443
445
446
448
449
451
453
454
456
457
459
461
462
464
466
467
469
470
472
474
475
477
479
480
482
483
485
487
488
490
492
493
495
497
498
500
502
503
505
507
508
510
512
513
515
517
518
520
522
524
525
527
529
530
532
534
535
537
539
541
542
544
546
548
549
551
553
554
556
558
560
561
563
565
567
568
570
572
574
576
577
579
581
583
584
586
588
590
592
593
595
597
599
601
602
604
606
608
610
611
613
615
617
619
621
622
624
626
628
630
632
633
635
637
639
641
643
645
647
648
650
652
654
656
658
660
662
663
665
667
669
671
673
675
677
679
681
683
684
686
688
690
692
694
696
698
700
702
704
706
708
710
712
714
716
718
720
722
724
726
728
729
731
733
735
737
739
741
743
745
748
750
752
754
756
758
760
762
764
766
768
770
772
774
776
778
780
782
784
786
788
790
792
795
797
799
801
803
805
807
809
811
813
815
817
820
822
824
826
828
830
832
834
837
839
841
843
845
847
849
852
854
856
858
860
862
864
867
869
871
873
875
878
880
882
884
886
888
891
893
895
897
899
902
904
906
908
911
913
915
917
920
922
924
926
928
931
933
935
938
940
942
944
947
949
951
953
956
958
960
963
965
967
969
972
974
976
979
981
983
986
988
990
993
995
997
1000
1002
1004
1007
1009
1011
1014
1016
1018
1021
1023
1026
1028
1030
1033
1035
1037
1040
1042
1045
1047
1049
1052
1054
1057
1059
1061
1064
1066
1069
1071
1074
1076
1078
1081
1083
1086
1088
1091
1093
1095
1098
1100
1103
1105
1108
1110
1113
1115
1118
1120
1122
1125
1127
1130
1132
1135
1137
1140
1142
1145
1147
1150
1152
1155
1158
1160
1163
1165
1168
1170
1173
1175
1178
1180
1183
1186
1188
1191
1193
1196
1198
1201
1204
1206
1209
1211
1214
1216
1219
1222
1224
1227
1230
1232
1235
1237
1240
1243
1245
1248
1250
1253
1256
1258
1261
1264
1266
1269
1272
1274
1277
1280
1282
1285
1288
1290
1293
1296
1298
1301
1304
1306
1309
1312
1314
1317
1320
1322
1325
1328
1331
1333
1336
1339
1341
1344
1347
1350
1352
1355
1358
1361
1363
1366
1369
1372
1374
1377
1380
1383
1386
1388
1391
1394
1397
1399
1402
1405
1408
1411
1413
1416
1419
1422
1425
1428
1430
1433
1436
1439
1442
1445
1448
1450
1453
1456
1459
1462
1465
1468
1471
1473
1476
1479
1482
1485
1488
1491
1494
1497
1500
1503
1506
1508
1511
1514
1517
1520
1523
1526
1529
1532
1535
1538
1541
1544
1547
1550
1553
1556
1559
1562
1565
1568
1571
1574
1578
1581
1584
1587
1590
1593
1596
1599
1602
1605
1608
1611
1615
1618
1621
1624
1627
1630
1633
1637
1640
1643
1646
1649
1652
1656
1659
1662
1665
1668
1672
1675
1678
1681
1685
1688
1691
1694
1698
1701
1704
1707
1711
1714
1717
1721
1724
1727
1731
1734
1737
1741
1744
1747
1751
1754
1757
1761
1764
1767
1771
1774
1778
1781
1785
1788
1791
1795
1798
1802
1805
1809
1812
1816
1819
1823
1826
1830
1833
1837
1840
1844
1847
1851
1854
1858
1861
1865
1868
1872
1876
1879
1883
1886
1890
1894
1897
1901
1904
1908
1912
1915
1919
1923
1926
1930
1934
1937
1941
1945
1948
1952
1956
1960
1963
1967
1971
1975
1978
1982
1986
1990
1993
1997
2001
2005
2009
2012
2016
2020
2024
2028
2031
2035
2039
2043
2047
2051
2055
2059
2062
2066
2070
2074
2078
2082
2086
2090
2094
2098
2102
2106
2110
2114
2117
2121
2125
2129
2133
2137
2141
2145
2149
2153
2158
2162
2166
2170
2174
2178
2182
2186
2190
2194
2198
2202
2206
2210
2215
2219
2223
2227
2231
2235
2239
2244
2248
2252
2256
2260
2264
2269
2273
2277
2281
2285
2290
2294
2298
2302
2307
2311
2315
2319
2324
2328
2332
2337
2341
2345
2350
2354
2358
2362
2367
2371
2376
2380
2384
2389
2393
2397
2402
2406
2411
2415
2419
2424
2428
2433
2437
2442
2446
2450
2455
2459
2464
2468
2473
2477
2482
2486
2491
2495
2500
2504
2509
2514
2518
2523
2527
2532
2536
2541
2546
2550
2555
2559
2564
2569
2573
2578
2583
2587
2592
2597
2601
2606
2611
2615
2620
2625
2630
2634
2639
2644
2648
2653
2658
2663
2667
2672
2677
2682
2687
2691
2696
2701
2706
2711
2716
2720
2725
2730
2735
2740
2745
2750
2755
2759
2764
2769
2774
2779
2784
2789
2794
2799
2804
2809
2814
2819
2824
2829
2834
2839
2844
2849
2854
2859
2864
2869
2874
2879
2884
2889
2894
2899
2904
2910
2915
2920
2925
2930
2935
2940
2946
2951
2956
2961
2966
2971
2977
2982
2987
2992
2997
3003
3008
3013
3018
3024
3029
3034
3040
3045
3050
3055
3061
3066
3071
3081
3089
3096
3103
3110
3115
3122
3128
3133
3138
3144
3149
3155
3160
3166
3171
3176
3182
3187
3193
3199
3206
3211
3216
3222
3229
3234
3240
3245
3252
3258
3265
3272
3279
3287
3295
3303
3312
3320
3329
3337
3346
3354
3363
3371
3380
3388
3396
3403
3410
3417
3423
3431
3439
3444
3450
3456
3462
3468
3474
3479
3485
3491
3497
3503
3509
3515
3520
3526
3532
3538
3544
3550
3556
3562
3568
3574
3580
3586
3592
3598
3604
3610
3616
3622
3628
3634
3640
3646
3652
3658
3664
3670
3676
3682
3688
3694
3700
3707
3713
3719
3725
3731
3737
3743
3749
3755
3762
3768
3774
3780
3787
3793
3799
3806
3812
3819
3825
3831
3838
3844
3851
3857
3863
3870
3876
3883
3889
3896
3902
3909
3915
3922
3928
3935
3942
3948
3955
3961
3968
3975
3981
3988
3995
4001
4008
4015
4022
4028
4035
4042
4044
4043
4041
4039
4037
4035
4034
4032
4030
4028
4027
4025
4023
4021
4020
4018
4016
4014
4013
4011
4009
4007
4006
4004
4002
4000
3999
3997
3995
3993
3992
3992
3991
3989
3986
3984
3982
3979
3977
3975
3972
3971
3969
3967
3965
3963
3961
3959
3957
3956
3954
3952
3950
3948
3946
3945
3943
3945
3948
3952
3956
3960
3964
3968
3972
3975
3979
3983
3987
3991
3995
3999
4003
4007
4011
4015
4019
4023
4027
4031
4035
4039
4043
4047
4051
4055
4059
4063
4067
4071
4075
4079
4084
4088
4092
4096
4100
4104
4108
4113
4117
4121
4125
4129
4134
4138
4142
4146
4150
4155
4159
4163
4168
4172
4176
4180
4185
4189
4193
4198
4202
4206
4211
4215
4219
4224
4228
4233
4237
4241
4246
4250
4255
4259
4264
4268
4272
4277
4281
4286
4290
4295
4299
4304
4308
4313
4318
4322
4327
4331
4336
4340
4345
4350
4354
4359
4363
4368
4373
4377
4382
4387
4391
4396
4401
4405
4410
4415
4419
4424
4429
4433
4438
4443
4448
4452
4457
4462
4467
4472
4476
4481
4486
4491
4496
4500
4505
4510
4515
4520
4525
4530
4534
4539
4544
4549
4554
4559
4564
4569
4574
4579
4584
4589
4593
4598
4603
4608
4613
4618
4623
4627
4632
4637
4642
4646
4651
4656
4661
4665
4670
4674
4679
4683
4688
4692
4697
4701
4705
4710
4714
4718
4723
4727
4732
4736
4740
4745
4749
4754
4758
4763
4767
4771
4776
4780
4785
4789
4794
4799
4803
4808
4812
4817
4821
4826
4831
4835
4840
4845
4849
4854
4859
4864
4868
4873
4878
4883
4887
4892
4897
4902
4907
4911
4916
4921
4926
4931
4936
4941
4946
4951
4956
4961
4966
4971
4979
4986
4995
5004
5014
5025
5036
5046
5056
5066
5077
5087
5098
5109
5119
5130
5141
5152
5162
5173
5184
5195
5206
5217
5229
5240
5251
5262
5274
5285
5296
5308
5319
5331
5343
5354
5366
5378
5389
5401
5413
5425
5437
5449
5461
5473
5485
5497
5510
5522
5534
5547
5559
5571
5584
5596
5609
5621
5634
5647
5660
5672
5685
5698
5711
5724
5737
5750
5763
5776
5789
5802
5816
5829
5842
5856
5869
5882
5896
5909
5923
5937
5950
5964
5978
5991
6005
6019
6033
6047
6061
6075
6089
6103
6117
6131
6146
6160
6174
6188
6203
6217
6232
6246
6261
6275
6290
6305
6319
6334
6349
6364
6378
6393
6408
6423
6439
6454
6458
6456
6455
6453
6452
6450
6449
6448
6446
6445
6443
6442
6440
6439
6438
6436
6435
6433
6432
6431
6429
6428
