N/A
0
0
0
0
0
0
0
0
0
0
0
0
0
0
0
0
0
0
0
0
0
0
0
0
0
0
0
0
0
0
0
0
0
0
0
0
0
0
0
0
0
0
0
0
0
0
0
0
0
0
0
0
0
0
0
0
0
0
0
0
0
0
0
0
0
0
0
0
0
0
0
0
0
0
0
0
0
0
0
0
0
0
0
0
0
0
0
0
0
0
0
0
0
0
0
0
0
0
0
0
0
0
0
0
0
0
0
0
0
0
0
0
0
0
0
0
0
0
0
0
0
0
0
0
0
0
0
0
0
0
0
0
0
0
0
0
0
0
0
0
0
0
0
0
0
0.1
0.1
0.1
0.1
0.1
0.1
0.1
0.1
0.1
0.1
0.1
0.1
0.1
0.1
0.1
0.1
0.1
0.1
0.1
0.1
0.1
0.1
0.1
0.1
0.1
0.2
0.2
0.2
0.2
0.2
0.2
0.2
0.2
0.2
0.2
0.2
0.2
0.2
0.2
0.2
0.2
0.2
0.3
0.3
0.3
0.3
0.3
0.3
0.3
0.3
0.3
0.3
0.3
0.3
0.3
0.3
0.4
0.4
0.4
0.4
0.4
0.4
0.4
0.4
0.4
0.4
0.4
0.5
0.5
0.5
0.5
0.5
0.5
0.5
0.5
0.5
0.5
0.6
0.6
0.6
0.6
0.6
0.6
0.6
0.6
0.6
0.7
0.7
0.7
0.7
0.7
0.7
0.7
0.7
0.8
0.8
0.8
0.8
0.8
0.8
0.8
0.8
0.9
0.9
0.9
0.9
0.9
0.9
0.9
1
1
1
1
1
1
1.1
1.1
1.1
1.1
1.1
1.1
1.1
1.2
1.2
1.2
1.2
1.2
1.3
1.3
1.3
1.3
1.3
1.3
1.4
1.4
1.4
1.4
1.4
1.5
1.5
1.5
1.5
1.5
1.5
1.6
1.6
1.6
1.6
1.6
1.7
1.7
1.7
1.7
1.8
1.8
1.8
1.8
1.8
1.9
1.9
1.9
1.9
1.9
2
2
2
2
2.1
2.1
2.1
2.1
2.2
2.2
2.2
2.2
2.3
2.3
2.3
2.3
2.4
2.4
2.4
2.4
2.5
2.5
2.5
2.5
2.6
2.6
2.6
2.6
2.7
2.7
2.7
2.8
2.8
2.8
2.8
2.9
2.9
2.9
2.9
3
3
3
3.1
3.1
3.1
3.2
3.2
3.2
3.2
3.3
3.3
3.3
3.4
3.4
3.4
3.5
3.5
3.5
3.6
3.6
3.6
3.7
3.7
3.7
3.8
3.8
3.8
3.9
3.9
3.9
4
4
4
4.1
4.1
4.1
4.2
4.2
4.2
4.3
4.3
4.4
4.4
4.4
4.5
4.5
4.5
4.6
4.6
4.7
4.7
4.7
4.8
4.8
4.8
4.9
4.9
5
5
5
5.1
5.1
5.2
5.2
5.2
5.3
5.3
5.4
5.4
5.5
5.5
5.5
5.6
5.6
5.7
5.7
5.8
5.8
5.8
5.9
5.9
6
6
6.1
6.1
6.2
6.2
6.2
6.3
6.3
6.4
6.4
6.5
6.5
6.6
6.6
6.7
6.7
6.8
6.8
6.9
6.9
7
7
7.1
7.1
7.2
7.2
7.3
7.3
7.4
7.4
7.5
7.5
7.6
7.6
7.7
7.7
7.8
7.8
7.9
7.9
8
8
8.1
8.1
8.2
8.2
8.3
8.4
8.4
8.5
8.5
8.6
8.6
8.7
8.7
8.8
8.9
8.9
9
9
9.1
9.1
9.2
9.3
9.3
9.4
9.4
9.5
9.6
9.6
9.7
9.7
9.8
9.9
9.9
10
10
10.1
10.2
10.2
10.3
10.3
10.4
10.5
10.5
10.6
10.7
10.7
10.8
10.9
10.9
11
11.1
11.1
11.2
11.2
11.3
11.4
11.4
11.5
11.6
11.6
11.7
11.8
11.8
11.9
12
12.1
12.1
12.2
12.3
12.3
12.4
12.5
12.5
12.6
12.7
12.8
12.8
12.9
13
13
13.1
13.2
13.3
13.3
13.4
13.5
13.6
13.6
13.7
13.8
13.9
13.9
14
14.1
14.2
14.2
14.3
14.4
14.5
14.5
14.6
14.7
14.8
14.8
14.9
15
15.1
15.2
15.2
15.3
15.4
15.5
15.6
15.6
15.7
15.8
15.9
16
16.1
16.1
16.2
16.3
16.4
16.5
16.6
16.6
16.7
16.8
16.9
17
17.1
17.1
17.2
17.3
17.4
17.5
17.6
17.7
17.8
17.8
17.9
18
18.1
18.2
18.3
18.4
18.5
18.6
18.6
18.7
18.8
18.9
19
19.1
19.2
19.3
19.4
19.5
19.6
19.7
19.8
19.8
19.9
20
20.1
20.2
20.3
20.4
20.5
20.6
20.7
20.8
20.9
21
21.1
21.2
21.3
21.4
21.5
21.6
21.7
21.8
21.9
22
22.1
22.2
22.3
22.4
22.5
22.6
22.7
22.8
22.9
23
23.1
23.2
23.3
23.4
23.5
23.6
23.7
23.8
23.9
24
24.1
24.3
24.4
24.5
24.6
24.7
24.8
24.9
25
25.1
25.2
25.3
25.4
25.5
25.6
25.8
25.9
26
26.1
26.2
26.3
26.4
26.5
26.6
26.7
26.9
27
27.1
27.2
27.3
27.4
27.5
27.6
27.8
27.9
28
28.1
28.2
28.3
28.4
28.6
28.7
28.8
28.9
29
29.1
29.2
29.4
29.5
29.6
29.7
29.8
29.9
30.1
30.2
30.4
30.5
30.6
30.8
30.9
31
31.1
31.2
31.4
31.5
31.6
31.7
31.8
32
32.1
32.2
32.3
32.4
32.6
32.7
32.8
32.9
33
33.2
33.3
33.4
33.5
33.6
33.8
33.9
34
34.1
34.3
34.4
34.5
34.6
34.8
34.9
35
35.1
35.3
35.4
35.6
35.7
35.8
36
36.1
36.2
36.4
36.5
36.7
36.8
36.9
37.1
37.2
37.4
37.5
37.6
37.8
37.9
38
38.1
38.2
38.4
38.5
38.6
38.7
38.8
39
39.1
39.2
39.3
39.4
39.5
39.7
39.8
39.9
40
40.1
40.2
40.4
40.5
40.7
40.8
41
41.1
41.2
41.3
41.4
41.5
41.7
41.8
41.9
42
42.1
42.2
42.4
42.5
42.6
42.7
42.8
43
43.1
43.2
43.3
43.4
43.5
43.7
43.8
43.9
44
44.1
44.2
44.4
44.6
44.7
44.8
45
45.1
45.2
45.3
45.5
45.6
45.7
45.8
45.9
46
46.2
46.3
46.4
46.5
46.6
46.8
46.9
47
47.1
47.2
47.4
47.5
47.6
47.7
47.8
48
48.1
48.2
48.3
48.4
48.6
48.7
48.8
48.9
49
49.2
49.3
49.4
49.5
49.6
49.8
49.9
50
50.1
50.3
50.4
50.5
50.6
50.7
50.9
51
51.1
51.2
51.3
51.5
51.6
51.7
51.8
51.9
52.1
52.2
52.3
52.4
52.6
52.7
52.8
52.9
53
53.2
53.3
53.4
53.5
53.6
53.8
53.9
54
54.1
54.2
54.4
54.5
54.6
54.7
54.8
55
55.1
55.2
55.3
55.4
55.6
55.7
55.8
55.9
56
56.2
56.3
56.4
56.5
56.6
56.8
56.9
57
57.1
57.2
57.4
57.5
57.6
57.7
57.8
58
58.1
58.2
58.3
58.4
58.5
58.7
58.8
58.9
59
59.1
59.2
59.4
59.5
59.6
59.7
59.8
59.9
60.1
60.2
60.3
60.4
60.5
60.6
60.8
60.9
61
61.1
61.2
61.3
61.4
61.6
61.7
61.8
61.9
62
62.1
62.2
62.4
62.5
62.6
62.7
62.8
62.9
63
63.1
63.3
63.4
63.5
63.6
63.7
63.8
63.9
64
64.1
64.2
64.4
64.5
64.6
64.7
64.8
64.9
65
65.1
65.2
65.3
65.4
65.5
65.6
65.7
65.8
66
66.1
66.2
66.3
66.4
66.5
66.6
66.7
66.8
66.9
67
67.1
67.2
67.3
67.4
67.5
67.6
67.7
67.8
67.9
68
68.1
68.2
68.3
68.4
68.5
68.6
68.7
68.8
68.9
69
69.1
69.2
69.3
69.4
69.5
69.6
69.6
69.7
69.8
70
70.1
70.2
70.3
70.4
70.5
70.6
70.7
70.7
70.8
70.9
71
71.1
71.2
71.3
71.4
71.5
71.6
71.7
71.7
71.8
71.9
72
72.1
72.2
72.3
72.4
72.4
72.5
72.6
72.8
72.9
72.9
73
73.1
73.2
73.3
73.4
73.5
73.6
73.6
73.7
73.8
73.9
74
74.1
74.2
74.3
74.3
74.4
74.5
74.6
74.7
74.7
74.8
74.9
75
75.1
75.1
75.2
75.3
75.4
75.4
75.5
75.6
75.7
75.8
75.8
75.9
76
76.1
76.1
76.2
76.3
76.4
76.4
76.5
76.6
76.6
76.7
76.8
76.9
76.9
77
77.1
77.2
77.2
77.3
77.4
77.4
77.5
77.6
77.6
77.7
77.8
77.8
77.9
78
78.1
78.1
78.2
78.3
78.3
78.4
78.5
78.5
78.6
78.7
78.7
78.8
78.8
78.9
79
79
79.1
79.2
79.2
79.3
79.4
79.4
79.5
79.5
79.6
79.7
79.7
79.8
79.8
79.9
80
80
80.1
80.1
80.2
80.3
80.3
80.4
80.4
80.5
80.6
80.6
80.7
80.7
80.8
80.8
80.9
81
81
81.1
81.1
81.2
81.2
81.3
81.3
81.4
81.4
81.5
81.6
81.6
81.7
81.7
81.8
81.8
81.9
81.9
82
82
82.1
82.1
82.2
82.2
82.3
82.3
82.4
82.4
82.5
82.5
82.6
82.6
82.7
82.7
82.8
82.8
82.8
82.9
82.9
83
83
83.1
83.1
83.2
83.2
83.3
83.3
83.3
83.4
83.4
83.5
83.5
83.6
83.6
83.7
83.7
83.8
83.8
83.9
83.9
84
84
84
84.1
84.1
84.1
84.2
84.2
84.3
84.3
84.3
84.4
84.4
84.5
84.5
84.5
84.6
84.6
84.6
84.7
84.7
84.7
84.8
84.8
84.9
84.9
84.9
85
85
85
85.1
85.1
85.1
85.2
85.2
85.2
85.2
85.3
85.3
85.3
85.4
85.4
85.4
85.5
85.5
85.5
85.6
85.6
85.6
85.6
85.7
85.7
85.7
85.8
85.8
85.8
85.8
85.9
85.9
85.9
86
86
86
86
86.1
86.1
86.1
86.1
86.2
86.2
86.2
86.2
86.3
86.3
86.3
86.3
86.3
86.4
86.4
86.4
86.4
86.5
86.5
86.5
86.5
86.5
86.6
86.6
86.6
86.6
86.6
86.7
86.7
86.7
86.7
86.7
86.8
86.8
86.8
86.8
86.8
86.9
86.9
86.9
86.9
86.9
86.9
87
87
87
87
87
87
87.1
87.1
87.1
87.1
87.1
87.1
87.2
87.2
87.2
87.2
87.2
87.2
87.3
87.3
87.3
87.3
87.3
87.3
87.4
87.4
87.4
87.4
87.4
87.4
87.4
87.5
87.5
87.5
87.5
87.5
87.5
87.6
87.6
87.6
87.6
87.6
87.6
87.6
87.7
87.7
87.7
87.7
87.7
87.7
87.7
87.8
87.8
87.8
87.8
87.8
87.8
87.8
87.9
87.9
87.9
87.9
87.9
87.9
87.9
88
88
88
88
88
88
88
88
88.1
88.1
88.1
88.1
88.1
88.1
88.1
88.2
88.2
88.2
88.2
88.2
88.2
88.2
88.3
88.3
88.3
88.3
88.3
88.3
88.3
88.3
88.4
88.4
88.4
88.4
88.4
88.4
88.4
88.4
88.5
88.5
88.5
88.5
88.5
88.5
88.5
88.5
88.6
88.6
88.6
88.6
88.6
88.6
88.6
88.6
88.7
88.7
88.7
88.7
88.7
88.7
88.7
88.7
88.8
88.8
88.8
88.8
88.8
88.8
88.8
88.8
88.9
88.9
88.9
88.9
88.9
88.9
88.9
88.9
88.9
89
89
89
89
89
89
89
89
89
89.1
89.1
89.1
89.1
89.1
89.1
89.1
89.1
89.1
89.2
89.2
89.2
89.2
89.2
89.2
89.2
89.2
89.2
89.3
89.3
89.3
89.3
89.3
89.3
89.3
89.3
89.3
89.3
89.4
89.4
89.4
89.4
89.4
89.4
89.4
89.4
89.4
89.4
89.5
89.5
89.5
89.5
89.5
89.5
89.5
89.5
89.5
89.5
89.5
89.6
89.6
89.6
89.6
89.6
89.6
89.6
89.6
89.6
89.6
89.6
89.7
89.7
89.7
89.7
89.7
89.7
89.7
89.7
89.7
89.7
89.7
89.7
89.7
89.8
89.8
89.8
89.8
89.8
89.8
89.8
89.8
89.8
89.8
89.8
89.8
89.8
89.9
89.9
89.9
89.9
89.9
89.9
89.9
89.9
89.9
89.9
89.9
89.9
89.9
89.9
90
90
90
90
90
90
90
90
90
90
90
90
90
90
90
90
90
90
90
90.1
90.1
90.1
90.1
90.1
90.1
90.1
90.1
90.1
90.1
90.1
90.1
90.1
90.1
90.1
90.1
90.1
90.1
90.1
90.1
90.1
90.1
90.1
90.1
90.1
90.1
90.2
90.2
90.2
90.2
90.2
90.2
90.2
90.2
90.2
90.2
90.2
90.2
90.2
90.2
90.2
90.2
90.2
90.2
90.2
90.2
90.2
90.2
90.2
90.2
90.2
90.2
90.2
90.2
90.2
90.2
90.2
90.2
90.2
90.2
90.2
90.2
90.2
90.2
90.2
90.2
90.2
90.2
90.2
90.2
90.2
90.2
90.2
90.2
90.2
90.2
90.2
90.2
90.2
90.2
90.2
90.2
90.2
90.2
90.2
90.2
90.2
90.2
90.2
90.2
90.2
90.2
90.2
90.2
90.2
90.2
90.2
90.2
90.2
90.2
90.2
90.2
90.2
90.2
90.2
90.2
90.2
90.2
90.2
90.2
90.2
90.2
90.2
90.2
90.2
90.2
90.2
90.2
90.2
90.2
90.2
90.2
90.2
90.2
90.2
90.2
90.2
90.2
90.2
90.2
90.2
90.2
90.2
90.2
90.2
90.2
90.2
90.2
90.2
90.3
90.3
90.3
90.3
90.3
90.3
90.3
90.3
90.3
90.3
90.3
90.3
90.3
90.3
90.3
90.3
90.3
90.3
90.3
90.3
90.3
90.3
90.3
90.3
90.3
90.3
90.3
90.3
90.3
90.3
90.3
90.3
90.3
90.3
90.3
90.3
90.3
90.3
90.3
90.3
90.4
90.4
90.4
90.4
90.4
90.5
90.5
90.5
90.5
90.6
90.6
90.6
90.7
90.7
90.7
90.8
90.8
90.8
90.9
90.9
91
91
91.1
91.1
91.2
91.3
91.3
91.4
91.5
91.5
91.6
91.7
91.8
91.9
91.9
92
92.1
92.2
92.3
92.4
92.5
92.6
92.8
92.9
93
93.1
93.2
93.4
93.5
93.7
93.8
94
94.1
94.3
94.4
94.6
94.7
94.9
95.1
95.2
95.4
95.6
95.8
95.9
96.1
96.3
96.5
96.7
96.9
97.1
97.3
97.5
97.7
97.9
98.1
98.3
98.5
98.8
99
99.2
99.4
99.7
99.9
100.1
100.4
100.6
100.9
101.1
101.4
101.6
101.9
102.1
102.4
102.6
102.9
103.2
103.5
103.7
104
104.3
104.6
104.8
105.1
105.4
105.7
106
106.3
106.6
106.9
107.2
107.5
107.8
108.1
108.5
108.8
109.1
109.4
109.7
110.1
110.4
110.7
111.1
111.4
111.7
112.1
112.4
112.8
113.1
113.5
113.8
114.2
114.5
114.9
115.3
115.6
116
116.4
116.7
117.1
117.5
117.9
118.3
118.6
119
119.4
119.8
120.2
120.6
121
121.4
121.8
122.2
122.6
123
123.4
123.8
124.3
124.7
125.1
125.5
125.9
126.4
126.8
127.2
127.7
128.1
128.5
129
129.4
129.8
130.3
130.7
131.2
131.7
132.3
133
133.8
134.6
135.6
136.7
137.8
139
140.4
141.8
143.4
145
146.8
148.7
150.7
152.8
155
157.4
159.9
162.5
165.2
168.1
171.1
174.2
177.5
180.9
184.4
188.1
191.9
195.9
200
204.2
208.6
213.1
217.7
222.4
227.3
232.3
237.4
242.6
247.9
253.3
258.8
264.4
270
275.7
281.5
287.3
293.1
298.8
304.4
309.7
314.9
319.9
324.6
329.2
333.5
337.7
341.7
345.5
349.1
352.5
355.8
358.8
361.7
364.5
364.9
365.2
365.6
365.9
366.3
366.6
367
367.3
367.6
368
368.3
368.6
368.9
369.2
369.5
369.8
370.1
370.4
370.7
370.9
371.2
371.5
371.7
372
372.2
372.5
372.7
373
373.2
373.5
373.7
373.9
374.1
374.3
374.6
374.8
375
375.2
375.4
375.5
375.7
375.9
376.1
376.3
376.5
376.6
376.8
376.9
377.1
377.3
377.4
377.6
377.7
377.9
378
378.2
378.3
378.5
378.6
378.8
378.9
379.1
379.2
379.4
379.5
379.7
379.8
379.9
380.1
380.2
380.4
380.5
380.7
380.8
380.9
381.1
381.2
381.4
381.5
381.7
381.8
381.9
382.1
382.2
382.3
382.5
382.6
382.8
382.9
383
383.2
383.3
383.4
383.6
383.7
383.8
383.9
384.1
384.2
384.3
384.5
384.6
384.7
384.9
385
385.1
385.2
385.4
385.5
385.6
385.7
385.9
386
386.1
386.2
386.3
386.5
386.6
386.7
386.8
386.9
387.1
387.2
387.3
387.4
387.5
387.7
387.8
387.9
388
388.1
388.2
388.3
388.5
388.6
388.7
388.8
388.9
389
389.1
389.2
389.3
389.5
389.6
389.7
389.8
389.9
390
390.1
390.2
390.3
390.4
390.5
390.6
390.7
390.8
390.9
391
391.1
391.2
391.3
391.4
391.5
391.6
391.7
391.8
391.8
391.9
391.9
391.9
391.9
391.9
391.9
392
392
392
392
392
392.1
392.1
392.1
392.1
392.1
392.1
392.2
392.2
392.2
392.2
392.2
392.2
392.2
392.3
392.3
392.3
392.3
392.3
392.3
392.4
392.4
392.4
392.4
392.4
392.4
392.4
392.5
392.5
392.5
392.5
392.5
392.5
392.5
392.6
392.6
392.6
392.6
392.6
392.6
392.7
392.7
392.7
392.7
392.7
392.7
392.7
392.8
392.8
392.8
392.8
392.8
392.8
392.8
392.9
392.9
392.9
392.9
392.9
392.9
392.9
393
393
393
393
393
393
393
393.1
393.1
393.1
393.1
393.1
393.1
393.1
393.2
393.2
393.2
393.2
393.2
393.2
393.2
393.3
393.3
393.3
393.3
393.3
393.3
393.3
393.4
393.4
393.4
393.4
393.4
393.4
393.4
393.5
393.5
393.5
393.5
393.5
393.5
393.5
393.6
393.6
393.6
393.6
393.6
393.6
393.6
393.6
393.7
393.7
393.7
393.7
393.7
393.7
393.7
393.8
393.8
393.8
393.8
393.8
393.8
393.8
393.9
393.9
393.9
393.9
393.9
393.9
393.9
393.9
394
394
394
394
394
394
394
394.1
394.1
394.1
394.1
394.1
394.1
394.1
394.1
394.2
394.2
394.2
394.2
394.2
394.2
394.2
394.3
394.3
394.3
394.3
394.3
394.3
394.3
394.3
394.4
394.4
394.4
394.4
394.4
394.4
394.4
394.5
394.5
394.5
394.5
394.5
394.5
394.5
394.5
394.6
394.6
394.6
394.6
394.6
394.6
394.6
394.6
394.7
394.7
394.7
394.7
394.7
394.7
394.7
394.7
394.8
394.8
394.8
394.8
394.8
394.8
394.8
394.8
394.9
394.9
394.9
394.9
394.9
394.9
394.9
394.9
395
395
395
395
395
395
395
395
395.1
395.1
395.1
395.1
395.1
395.1
395.1
395.1
395.2
395.2
395.2
395.2
395.2
395.2
395.2
395.2
395.3
395.3
395.3
395.3
395.3
395.3
395.3
395.3
395.4
395.4
395.4
395.4
395.4
395.4
395.4
395.4
395.4
395.5
395.5
395.5
395.5
395.5
395.5
395.5
395.5
395.6
395.6
395.6
395.6
395.6
395.6
395.6
395.6
395.7
395.7
395.7
395.7
395.7
395.7
395.7
395.7
395.7
395.8
395.8
395.8
395.8
395.8
395.8
395.8
395.8
395.9
395.9
395.9
395.9
395.9
395.9
395.9
395.9
395.9
396
396
396
396
396
396
396
396
396
396.1
396.1
396.1
396.1
396.1
396.1
396.1
396.1
396.1
396.2
396.2
396.2
396.2
396.2
396.2
396.2
396.2
396.2
396.3
396.3
396.3
396.3
396.3
396.3
396.3
396.3
396.3
396.4
396.4
396.4
396.4
396.4
396.4
396.4
396.4
396.4
396.4
396.5
396.5
396.5
396.5
396.5
396.5
396.5
396.5
396.5
396.6
396.6
396.6
396.6
396.6
396.6
396.6
396.6
396.6
396.6
396.7
396.7
396.7
396.7
396.7
396.7
396.7
396.7
396.7
396.8
396.8
396.8
396.8
396.8
396.8
396.8
396.8
396.8
396.8
396.9
396.9
396.9
396.9
396.9
396.9
396.9
396.9
396.9
396.9
397
397
397
397
397
397
397
397
397
397
397.1
397.1
397.1
397.1
397.1
397.1
397.1
397.1
397.1
397.1
397.2
397.2
397.2
397.2
397.2
397.2
397.2
397.2
397.2
397.2
397.3
397.3
397.3
397.3
397.3
397.3
397.3
397.3
397.3
397.3
397.4
397.4
397.4
397.4
397.4
397.4
397.4
397.4
397.4
397.4
397.4
397.5
397.5
397.5
397.5
397.5
397.5
397.5
397.5
397.5
397.5
397.6
397.6
397.6
397.6
397.6
397.6
397.6
397.6
397.6
397.6
397.6
397.7
397.7
397.7
397.7
397.7
397.7
397.7
397.7
397.7
397.7
397.7
397.8
397.8
397.8
397.8
397.8
397.8
397.8
397.8
397.8
397.8
397.8
397.9
397.9
397.9
397.9
397.9
397.9
397.9
397.9
397.9
397.9
397.9
398
398
398
398
398
398
398
398
398
398
398
398.1
398.1
398.1
398.1
398.1
398.1
398.1
398.1
398.1
398.1
398.1
398.1
398.2
398.2
398.2
398.2
398.2
398.2
398.2
398.2
398.2
398.2
398.2
398.2
398.3
398.3
398.3
398.3
398.3
398.3
398.3
398.3
398.3
398.3
398.3
398.3
398.4
398.4
398.4
398.4
398.4
398.4
398.4
398.4
398.4
398.4
398.4
398.4
398.5
398.5
398.5
398.5
398.5
398.5
398.5
398.5
398.5
398.5
398.5
398.5
398.5
398.6
398.6
398.6
398.6
398.6
398.6
398.6
398.6
398.6
398.6
398.6
398.6
398.7
398.7
398.7
398.7
398.7
398.7
398.7
398.7
398.7
398.7
398.7
398.7
398.7
398.8
398.8
398.8
398.8
398.8
398.8
398.8
398.8
398.8
398.8
398.8
398.8
398.8
398.8
398.9
398.9
398.9
398.9
398.9
398.9
398.9
398.9
398.9
398.9
398.9
398.9
398.9
399
399
399
399
399
399
399
399
399
399
399
399
399
399
399.1
399.1
399.1
399.1
399.1
399.1
399.1
399.1
399.1
399.1
399.1
399.1
399.1
399.1
399.2
399.2
399.2
399.2
399.2
399.2
399.2
399.2
399.2
399.2
399.2
399.2
399.2
399.2
399.2
399.3
399.3
399.3
399.3
399.3
399.3
399.3
399.3
399.3
399.3
399.3
399.3
399.3
399.3
399.3
399.4
399.4
399.4
399.4
399.4
399.4
399.4
399.4
399.4
399.4
399.4
399.4
399.4
399.4
399.4
399.5
399.5
399.5
399.5
399.5
399.5
399.5
399.5
399.5
399.5
399.5
399.5
399.5
399.5
399.5
399.6
399.6
399.6
399.6
399.6
399.6
399.6
399.6
399.6
399.6
399.6
399.6
399.6
399.6
399.6
399.6
399.7
399.7
399.7
399.7
399.7
399.7
399.7
399.7
399.7
399.7
399.7
399.7
399.7
399.7
399.7
399.7
399.7
399.8
399.8
399.8
399.8
399.8
399.8
399.8
399.8
399.8
399.8
399.8
399.8
399.8
399.8
399.8
399.8
399.8
399.9
399.9
399.9
399.9
399.9
399.9
399.9
399.9
399.9
399.9
399.9
399.9
399.9
399.9
399.9
399.9
399.9
399.9
399.9
400
400
400
400
400
400
400
400
400
400
400
400
400
400
400
400
400
400
400
400.1
400.1
400.1
400.1
400.1
400.1
400.1
400.1
400.1
400.1
400.1
400.1
400.1
400.1
400.1
400.1
400.1
400.1
400.1
400.1
400.2
400.2
400.2
400.2
400.2
400.2
400.2
400.2
400.2
400.2
400.2
400.2
400.2
400.2
400.2
400.2
400.2
400.2
400.2
400.2
400.2
400.3
400.3
400.3
400.3
400.3
400.3
400.3
400.3
400.3
400.3
400.3
400.3
400.3
400.3
400.3
400.3
400.3
400.3
400.3
400.3
400.3
400.3
400.4
400.4
400.4
400.4
400.4
400.4
400.4
400.4
400.4
400.4
400.4
400.4
400.4
400.4
400.4
400.4
400.4
400.4
400.4
400.4
400.4
400.4
400.4
400.5
400.5
400.5
400.5
400.5
400.5
400.5
400.5
400.5
400.5
400.5
400.5
400.5
400.5
400.5
400.5
400.5
400.5
400.5
400.5
400.5
400.5
400.5
400.5
400.5
400.6
400.6
400.6
400.6
400.6
400.6
400.6
400.6
400.6
400.6
400.6
400.6
400.6
400.6
400.6
400.6
400.6
400.6
400.6
400.6
400.6
400.6
400.6
400.6
400.6
400.6
400.6
400.6
400.6
400.7
400.7
400.7
400.7
400.7
400.7
400.7
400.7
400.7
400.7
400.7
400.7
400.7
400.7
400.7
400.7
400.7
400.7
400.7
400.7
400.7
400.7
400.7
400.7
400.7
400.7
400.7
400.7
400.7
400.7
400.7
400.7
400.8
400.8
400.8
400.8
400.8
400.8
400.8
400.8
400.8
400.8
400.8
400.8
400.8
400.8
400.8
400.8
400.8
400.8
400.8
400.8
400.8
400.8
400.8
400.8
400.8
400.8
400.8
400.8
400.8
400.8
400.8
400.8
400.8
400.8
400.8
400.9
400.9
400.9
400.9
400.9
400.9
400.9
400.9
400.9
400.9
400.9
400.9
400.9
400.9
400.9
400.9
400.9
400.9
400.9
400.9
400.9
400.9
400.9
400.9
400.9
400.9
400.9
400.9
400.9
400.9
400.9
400.9
400.9
400.9
400.9
400.9
400.9
401
401
401
401
401
401
401
401
401
401
401
401
401
401
401
401
401
401
401
401
401
401
401
401
401
401
401
401
401
401
401
401
401
401
401
401
401
401
401
401
401
401
401.1
401.1
401.1
401.1
401.1
401.1
401.1
401.1
401.1
401.1
401.1
401.1
401.1
401.1
401.1
401.1
401.1
401.1
401.1
401.1
401.1
401.1
401.1
401.1
401.1
401.1
401.1
401.1
401.1
401.1
401.1
401.1
401.1
401.1
401.1
401.1
401.1
401.1
401.1
401.1
401.1
401.1
401.1
401.1
401.1
401.1
401.1
401.2
401.2
401.2
401.2
401.2
401.2
401.2
401.2
401.2
401.2
401.2
401.2
401.2
401.2
401.2
401.2
401.2
401.2
401.2
401.2
401.2
401.2
401.2
401.2
401.2
401.2
401.2
401.2
401.2
401.2
401.2
401.2
401.2
401.2
401.2
401.2
401.2
401.2
401.2
401.2
401.2
401.2
401.2
401.2
401.2
401.2
401.2
401.2
401.2
401.2
401.2
401.2
401.2
401.2
401.2
401.2
401.3
401.3
401.3
401.3
401.3
401.3
401.3
401.3
401.3
401.3
401.3
401.3
401.3
401.3
401.3
401.3
401.3
401.3
401.3
401.3
401.3
401.3
401.3
401.3
401.3
401.3
401.3
401.3
401.3
401.3
401.3
401.3
401.3
401.3
401.3
401.3
401.3
401.3
401.3
401.3
401.3
401.3
401.3
401.3
401.3
401.3
401.3
401.3
401.3
401.3
401.3
401.3
401.3
401.3
401.3
401.3
401.3
401.3
401.3
401.3
401.3
401.3
401.3
401.3
401.3
401.3
401.3
401.3
401.3
401.3
401.3
401.3
401.4
401.4
401.4
401.4
401.4
401.4
401.4
401.4
401.4
401.4
401.4
401.4
401.4
401.4
401.4
401.4
401.4
401.4
401.4
401.4
401.4
401.4
401.4
401.4
401.4
401.4
401.4
401.4
401.4
401.4
401.4
401.4
401.4
401.4
401.4
401.4
401.4
401.4
401.4
401.4
401.4
401.4
401.4
401.4
401.4
401.4
401.4
401.4
401.4
401.4
401.4
401.4
401.4
401.4
401.4
401.4
401.4
401.4
401.4
401.4
401.4
401.4
401.4
401.4
401.4
401.4
401.4
401.4
401.4
401.4
401.4
401.4
401.4
401.4
401.4
401.4
401.4
401.4
401.4
401.4
401.4
401.4
401.4
401.4
401.4
401.4
401.4
401.4
401.4
401.4
401.4
401.4
401.4
401.4
401.4
401.4
401.4
401.4
401.4
401.4
401.4
401.4
401.4
401.4
401.4
401.4
401.4
401.4
401.4
401.4
401.4
401.4
401.4
401.4
401.4
401.4
401.4
401.4
401.4
401.4
401.4
401.4
401.4
401.4
401.4
401.4
401.4
401.4
401.4
401.4
401.4
401.4
401.4
401.4
401.4
401.4
401.4
401.4
401.4
401.4
401.4
401.4
401.4
401.4
401.4
401.4
401.4
401.4
401.4
401.4
401.4
401.4
401.4
401.4
401.5
401.5
401.5
401.5
401.5
401.5
401.5
401.5
401.5
401.5
401.5
401.5
401.5
401.5
401.5
401.5
401.5
401.5
401.5
401.5
401.5
401.5
401.5
401.5
401.5
401.5
401.5
401.5
401.5
401.5
401.5
401.5
401.5
401.5
401.5
401.5
401.5
401.5
401.5
401.5
401.5
401.5
401.5
401.5
401.5
401.5
401.5
401.5
401.4
401.4
401.4
401.4
401.4
401.4
401.4
401.4
401.4
401.4
401.4
401.4
401.4
401.4
401.4
401.4
401.4
401.4
401.4
401.4
401.4
401.4
401.4
401.4
401.4
401.4
401.4
401.4
401.4
401.4
401.4
401.4
401.4
401.4
401.4
401.4
401.4
401.4
401.4
401.4
401.4
401.4
401.4
401.4
401.4
401.4
401.4
401.4
401.4
401.4
401.4
401.4
401.4
401.4
401.4
401.4
401.4
401.4
401.4
401.4
401.4
401.4
401.4
401.4
401.4
401.4
401.4
401.4
401.4
401.4
401.4
401.4
401.4
401.4
401.4
401.4
401.4
401.4
401.4
401.4
401.4
401.4
401.4
401.4
401.4
401.4
401.4
401.4
401.4
401.4
401.4
401.4
401.4
401.4
401.4
401.4
401.4
401.4
401.4
401.4
401.4
401.4
401.4
401.4
401.4
401.4
401.4
401.4
401.4
401.4
401.4
401.4
401.4
401.4
401.4
401.4
401.4
401.4
401.4
401.4
401.4
401.4
401.4
401.4
401.4
401.4
401.4
401.4
401.4
401.4
401.4
401.4
401.4
401.4
401.4
401.4
401.3
401.3
401.3
401.3
401.3
401.3
401.3
401.3
401.3
401.3
401.2
401.2
401.2
401.2
401.1
401.1
401
400.9
400.8
400.7
400.6
400.5
400.4
400.2
400
399.8
399.6
399.3
399
398.7
398.4
398
397.5
397.1
396.6
396
395.4
394.8
394
393.3
392.5
391.6
390.6
389.6
388.5
387.4
386.1
384.8
383.4
381.9
380.4
378.7
377
375.1
373.2
371.2
369.1
366.8
364.5
362.1
359.6
357.1
354.5
351.8
349.1
346.4
343.6
340.9
338
335.2
332.3
329.5
326.6
323.7
320.8
317.9
315
312.1
309.3
306.4
303.6
300.8
298
295.3
292.6
289.9
287.3
284.8
282.2
279.8
277.4
275.1
272.9
270.7
268.6
266.6
264.7
262.8
261.1
259.4
257.9
256.4
255.1
253.8
252.7
251.7
250.8
250
249.3
248.7
248.2
247.9
247.6
247.5
247.5
247.7
247.9
248.3
248.8
249.3
250.1
250.9
251.8
252.9
254
255.3
256.6
258.1
259.7
261.3
263.1
264.9
266.9
268.9
271
273.2
275.4
277.7
280.1
282.6
285.1
287.7
290.3
292.9
295.6
298.4
301.2
304
306.8
309.7
312.5
315.4
318.3
321.2
324.1
327
329.9
332.7
335.6
338.4
341.2
344
346.8
349.5
352.2
354.8
357.4
360
362.5
364.9
367.3
369.6
371.9
374.1
376.2
378.2
380.2
382.1
383.9
385.7
387.3
388.9
390.4
391.8
393.1
394.3
395.5
396.5
397.4
398.3
399
399.7
400.2
400.7
401
401.3
401.4
401.5
401.4
401.2
401
400.6
400.2
399.6
399
398.2
397.4
396.4
395.4
394.3
393.1
391.7
390.3
388.9
387.3
385.6
383.9
382
380.1
378.2
376.1
374
371.8
369.5
367.2
364.8
362.4
359.9
357.3
354.7
352.1
349.4
346.7
343.9
341.1
338.3
335.5
332.6
329.8
326.9
324
321.1
318.2
315.3
312.4
309.5
306.7
303.9
301.1
298.3
295.5
292.8
290.2
287.6
285
282.5
280
277.7
275.3
273.1
271
269
267.1
265.3
263.6
262
261.9
261.7
261.5
261.4
261.2
261
260.9
260.7
260.6
260.4
260.3
260.1
260
259.8
259.7
259.6
259.4
259.3
259.2
259.1
258.9
258.8
258.7
258.6
258.5
258.3
258.2
258.1
258
257.9
257.8
257.7
