N/A
0
0
0
0
0
0
0
0
0
0
0
0
0
0
0
0
0
0
0
0
0
0
0
0
0
0
0
0
0
0
0
0
0
0
0
0
0
0
0
0
0
0
0
0
0
0
0
0
0
0
0
0
0
0
0
0
0
0
0
0
0
0
0
0
0
0
0
0
0
0
0
0
0
0
0
0
0
0
0
0
0
0
0
0
0
0
0
0
0
0
0
0
0
0
0
0
0
0
0
0
0
0
0
0
0
0
0
0
0
1
0
1
3
5
7
10
12
13
15
17
19
21
22
24
26
28
29
31
33
35
37
39
40
42
44
46
48
50
52
53
55
57
59
61
63
65
67
69
71
73
74
76
78
80
82
84
86
88
90
92
94
96
98
100
102
104
106
108
110
113
115
117
119
121
123
125
127
129
131
133
136
138
140
142
144
146
148
151
153
155
157
159
162
164
166
168
170
173
175
177
179
182
184
187
189
192
195
198
200
203
206
208
211
214
217
219
222
225
228
231
233
236
239
242
245
248
250
253
256
259
262
265
268
270
273
276
279
282
285
288
291
294
297
300
303
306
309
312
315
318
321
324
327
330
333
336
339
342
345
348
352
355
358
361
364
367
370
373
377
380
383
386
389
393
396
399
402
405
409
412
415
419
422
425
428
432
435
438
442
445
448
452
455
458
462
465
469
472
475
479
482
486
489
493
496
500
503
507
510
514
517
521
524
528
531
535
539
542
546
549
553
557
560
564
568
571
575
579
582
586
590
593
597
601
605
608
612
616
620
624
627
631
635
639
643
647
651
654
658
662
666
670
674
678
682
686
690
694
698
702
706
710
714
718
722
726
730
734
738
742
747
751
755
759
763
767
772
776
780
784
788
793
797
801
805
810
814
818
823
827
831
836
840
844
849
853
858
862
867
871
875
880
884
889
893
898
902
907
911
916
921
925
930
934
939
944
948
953
958
962
967
972
976
981
986
991
995
1000
1005
1010
1015
1019
1024
1029
1034
1039
1044
1049
1054
1058
1063
1068
1073
1078
1083
1088
1093
1098
1103
1108
1113
1118
1123
1128
1133
1138
1143
1149
1154
1159
1164
1169
1174
1180
1185
1190
1195
1200
1206
1211
1216
1222
1227
1232
1238
1243
1248
1254
1259
1264
1270
1275
1281
1286
1292
1297
1303
1308
1314
1319
1325
1330
1336
1341
1347
1352
1358
1364
1369
1375
1381
1386
1392
1398
1403
1409
1415
1421
1426
1432
1438
1444
1450
1456
1461
1467
1473
1479
1485
1491
1497
1503
1509
1515
1521
1527
1533
1539
1546
1552
1558
1564
1570
1577
1583
1589
1595
1602
1608
1614
1621
1627
1634
1640
1647
1653
1660
1666
1673
1679
1686
1693
1699
1706
1713
1719
1726
1733
1740
1746
1753
1760
1767
1774
1781
1788
1795
1802
1809
1816
1823
1830
1837
1844
1852
1859
1866
1873
1881
1888
1895
1903
1910
1917
1925
1932
1940
1947
1955
1962
1970
1978
1985
1993
2001
2008
2016
2024
2031
2039
2047
2055
2063
2071
2079
2087
2095
2103
2111
2119
2127
2135
2143
2151
2159
2167
2175
2184
2192
2200
2209
2217
2225
2234
2242
2250
2259
2267
2276
2284
2293
2301
2310
2319
2327
2336
2345
2353
2362
2371
2380
2388
2397
2406
2415
2424
2433
2441
2450
2459
2468
2477
2486
2495
2503
2512
2521
2530
2539
2548
2557
2566
2575
2584
2593
2602
2611
2620
2629
2637
2646
2655
2664
2673
2682
2691
2700
2709
2719
2728
2737
2746
2755
2764
2773
2782
2791
2800
2809
2818
2827
2836
2845
2855
2864
2873
2882
2891
2900
2909
2919
2928
2937
2946
2955
2964
2974
2983
2992
3001
3010
3020
3029
3038
3047
3056
3066
3075
3084
3093
3103
3112
3121
3130
3140
3149
3158
3168
3177
3190
3200
3210
3221
3232
3242
3251
3261
3270
3279
3289
3298
3307
3317
3326
3335
3344
3354
3363
3373
3383
3392
3402
3412
3421
3431
3441
3451
3460
3469
3480
3489
3500
3510
3520
3530
3540
3551
3562
3572
3582
3592
3604
3616
3616
3611
3607
3602
3597
3592
3587
3583
3578
3574
3569
3571
3566
3561
3557
3553
3549
3545
3541
3537
3533
3529
3525
3521
3517
3514
3510
3506
3503
3500
3497
3494
3490
3487
3484
3481
3479
3484
3490
3496
3502
3509
3516
3521
3526
3532
3537
3542
3547
3552
3558
3563
3568
3574
3579
3584
3590
3595
3601
3606
3611
3617
3622
3628
3633
3639
3645
3650
3656
3661
3667
3675
3682
3689
3695
3700
3706
3713
3719
3725
3730
3736
3742
3748
3753
3759
3765
3771
3777
3782
3788
3794
3800
3806
3812
3818
3823
3829
3835
3841
3847
3853
3859
3865
3871
3877
3883
3889
3895
3901
3907
3913
3919
3925
3931
3937
3943
3949
3955
3961
3967
3973
3980
3986
3992
3998
4004
4010
4016
4022
4029
4035
4041
4047
4053
4059
4066
4072
4078
4084
4090
4097
4103
4109
4115
4121
4128
4134
4140
4146
4152
4159
4165
4171
4177
4184
4190
4196
4203
4209
4215
4221
4228
4234
4240
4246
4253
4259
4265
4272
4278
4284
4290
4297
4303
4309
4316
4322
4328
4335
4341
4347
4353
4360
4366
4372
4379
4385
4391
4398
4404
4410
4417
4423
4429
4435
4442
4448
4454
4461
4467
4473
4480
4486
4492
4499
4505
4511
4517
4524
4530
4536
4543
4549
4555
4562
4568
4574
4580
4587
4593
4599
4605
4612
4618
4624
4631
4637
4643
4649
4656
4662
4668
4674
4681
4687
4693
4699
4705
4712
4718
4724
4730
4737
4743
4749
4755
4761
4767
4774
4780
4786
4792
4799
4805
4811
4818
4824
4830
4837
4843
4850
4856
4863
4869
4876
4883
4889
4896
4903
4910
4917
4923
4930
4937
4944
4951
4958
4965
4972
4979
4986
4994
5001
5008
5015
5023
5030
5037
5045
5052
5059
5066
5075
5084
5094
5104
5111
5118
5126
5134
5142
5149
5157
5165
5173
5181
5189
5197
5205
5213
5221
5229
5237
5245
5254
5262
5270
5278
5287
5295
5304
5312
5324
5335
5344
5353
5362
5372
5381
5390
5399
5407
5416
5425
5433
5442
5453
5464
5476
5484
5493
5502
5511
5520
5529
5538
5547
5557
5566
5575
5584
5594
5603
5612
5622
5631
5641
5650
5660
5669
5679
5688
5698
5708
5717
5727
5737
5747
5756
5766
5776
5786
5796
5806
5816
5826
5836
5846
5856
5866
5876
5886
5896
5906
5917
5927
5937
5947
5958
5968
5979
5989
5999
6010
6020
6031
6041
6052
6062
6073
6084
6094
6105
6116
6127
6137
6148
6159
6170
6181
6192
6203
6213
6224
6235
6246
6258
6269
6280
6291
6302
6313
6324
6336
6347
6359
6371
6383
6394
6406
6417
6429
6441
6452
6464
6476
6488
6499
6511
6523
6535
6547
6559
6571
6583
6595
6607
6619
6631
6643
6655
6667
6679
6691
6704
6716
6728
6741
6753
6765
6778
6790
6802
6815
6827
6840
6852
6865
6878
6890
6903
6916
6928
6941
6954
6966
6979
6992
7005
7018
7031
7044
7056
7069
7082
7095
7108
7122
7135
7148
7161
7174
7187
7205
7223
7238
7252
7268
7283
7298
7311
7324
7337
7351
7364
7377
7391
7404
7418
7431
7444
7458
7471
7485
7498
7511
7525
7538
7552
7565
7579
7592
7606
7619
7633
7646
7660
7673
7687
7700
7714
7727
7741
7754
7768
7781
7795
7809
7822
7836
7850
7865
7879
7892
7907
7920
7933
7947
7961
7974
7988
8002
8015
8029
8043
8057
8070
8084
8098
8111
8125
8139
8153
8166
8180
8194
8208
8222
8235
8249
8263
8277
8291
8304
8318
8332
8346
8360
8373
8387
8404
8419
8434
8447
8461
8475
8489
8503
8517
8531
8546
8560
8574
8588
8602
8616
8630
8644
8658
8672
8687
8701
8715
8729
8743
8757
8772
8786
8800
8814
8828
8842
8857
8871
8885
8899
8913
8927
8942
8956
8970
8984
8998
9013
9027
9041
9055
9069
9083
9098
9112
9126
9140
9154
9168
9183
9197
9211
9225
9239
9254
9268
9282
9296
9310
9324
9339
9353
9367
9381
9395
9409
9424
9438
9452
9466
9480
9494
9509
9523
9537
9551
9565
9579
9594
9608
9622
9636
9650
9664
9679
9693
9707
9721
9735
9750
9764
9778
9792
9806
9820
9835
9849
9863
9877
9891
9905
9920
9934
9948
9962
9976
9991
10005
10019
10033
10047
10062
10076
10090
10104
10118
10133
10147
10161
10175
10189
10204
10218
10232
10246
10260
10275
10289
10303
10317
10331
10346
10360
10374
10388
10403
10417
10431
10445
10460
10474
10488
10502
10516
10531
10545
10559
10573
10588
10602
10616
10630
10645
10659
10673
10687
10702
10716
10730
10744
10759
10773
10787
10801
10816
10830
10844
10858
10873
10887
10901
10915
10930
10944
10958
10972
10987
11001
11015
11030
11044
11058
11072
11087
11101
11115
11129
11144
11158
11172
11187
11201
11215
11229
11244
11258
11272
11287
11301
11315
11329
11344
11358
11372
11387
11401
11415
11430
11444
11458
11472
11487
11501
11515
11530
11544
11558
11573
11587
11601
11615
11630
11644
11658
11673
11687
11701
11716
11730
11744
11759
11773
11788
11802
11815
11830
11846
11860
11874
11889
11903
11917
11932
11946
11960
11974
11989
12003
12017
12032
12046
12060
12075
12089
12103
12118
12132
12146
12161
12177
12193
12211
12230
12249
12263
12278
12292
12306
12321
12335
12349
12364
12378
12392
12407
12421
12435
12450
12464
12478
12493
12507
12521
12536
12550
12564
12579
12593
12607
12622
12636
12650
12665
12679
12693
12708
12722
12736
12751
12765
12779
12794
12808
12822
12836
12851
12865
12879
12894
12908
12922
12937
12951
12965
12980
12994
13008
13023
13037
13057
13076
13094
13109
13124
13138
13153
13170
13184
13199
13213
13227
13241
13256
13270
13284
13299
13313
13327
13342
13356
13370
13384
13399
13413
13427
13442
13456
13470
13485
13499
13513
13528
13542
13557
13571
13585
13600
13614
13629
13643
13657
13672
13686
13700
13715
13729
13744
13758
13772
13787
13801
13816
13830
13844
13859
13873
13888
13902
13916
13931
13945
13960
13974
13988
14003
14017
14031
14046
14060
14075
14089
14098
14098
14098
14098
14098
14098
14098
14098
14098
14098
14098
14098
14098
14098
14098
14098
14098
14098
14098
14098
14098
14098
14098
14098
14098
14098
14098
14098
14098
14098
14098
14098
14098
14098
14097
14097
14097
14097
14097
14097
14097
14097
14097
14097
14097
14097
14097
14097
14097
14097
14097
14097
14097
14097
14097
14097
14097
14097
14097
14097
14097
14097
14097
14097
14097
14097
14097
14097
14097
14097
14097
14097
14097
14097
14097
14097
14096
14096
14096
14096
14096
14096
14096
14095
14095
14095
14095
14094
14094
14094
14093
14093
14093
14092
14092
14092
14091
14091
14090
14090
14089
14089
14088
14088
14087
14087
14086
14086
14085
14084
14084
14083
14082
14081
14081
14080
14079
14078
14077
14076
14075
14074
14073
14072
14071
14070
14069
14068
14066
14065
14064
14063
14061
14060
14059
14057
14056
14054
14053
14052
14050
14049
14047
14045
14044
14042
14041
14039
14037
14036
14034
14032
14030
14029
14027
14025
14023
14021
14019
14018
14016
14014
14012
14010
14008
14006
14004
14002
14000
13997
13995
13993
13991
13989
13987
13984
13982
13980
13978
13975
13973
13971
13968
13966
13963
13961
13958
13956
13954
13951
13948
13946
13943
13941
13938
13936
13933
13930
13928
13925
13922
13919
13917
13914
13911
13908
13906
13903
13900
13897
13894
13891
13888
13885
13882
13879
13876
13873
13870
13867
13864
13861
13858
13855
13852
13849
13846
13842
13839
13836
13833
13830
13826
13823
13820
13816
13813
13810
13806
13803
13800
13796
13793
13790
13786
13783
13779
13776
13772
13769
13765
13762
13758
13754
13749
13744
13738
13731
13723
13715
13706
13696
13686
13675
13662
13650
13636
13621
13606
13589
13572
13554
13535
13515
13494
13473
13450
13426
13401
13376
13349
13321
13293
13263
13233
13202
13170
13137
13103
13068
13032
12996
12959
12922
12884
12845
12806
12766
12726
12686
12645
12604
12564
12523
12484
12447
12411
12376
12343
12311
12281
12252
12224
12198
12173
12149
12126
12105
12084
12065
12063
12060
12058
12055
12053
12050
12048
12045
12043
12041
12039
12036
12034
12032
12030
12028
12026
12024
12022
12020
12018
12016
12014
12012
12011
12009
12007
12006
12004
12002
12001
11999
11997
11996
11994
11993
11992
11990
11989
11987
11986
11985
11983
11982
11981
11980
11979
11978
11976
11975
11974
11973
11972
11971
11970
11969
11968
11967
11966
11965
11963
11962
11961
11960
11959
11958
11957
11956
11955
11954
11953
11952
11951
11950
11949
11948
11947
11946
11945
11944
11943
11942
11941
11940
11939
11938
11937
11936
11935
11934
11933
11932
11931
11930
11929
11929
11928
11927
11926
11925
11924
11923
11922
11921
11920
11919
11918
11917
11917
11916
11915
11914
11913
11912
11911
11910
11909
11909
11908
11907
11906
11905
11904
11903
11903
11902
11901
11900
11899
11898
11898
11897
11896
11895
11894
11893
11893
11892
11891
11890
11889
11889
11888
11887
11886
11885
11885
11884
11883
11882
11882
11881
11880
11879
11879
11878
11877
11876
11876
11875
11874
11873
11873
11872
11872
11871
11870
11870
11870
11870
11870
11870
11869
11869
11869
11869
11869
11869
11869
11868
11868
11868
11868
11868
11868
11868
11868
11868
11867
11867
11867
11867
11867
11867
11867
11867
11867
11866
11866
11866
11866
11866
11866
11866
11866
11866
11865
11865
11865
11865
11865
11865
11865
11865
11865
11864
11864
11864
11864
11864
11864
11864
11864
11864
11863
11863
11863
11863
11863
11863
11863
11863
11863
11863
11862
11862
11862
11862
11862
11862
11862
11862
11862
11861
11861
11861
11861
11861
11861
11861
11861
11861
11860
11860
11860
11860
11860
11860
11860
11860
11860
11860
11859
11859
11859
11859
11859
11859
11859
11859
11859
11858
11858
11858
11858
11858
11858
11858
11858
11858
11858
11857
11857
11857
11857
11857
11857
11857
11857
11857
11857
11856
11856
11856
11856
11856
11856
11856
11856
11856
11855
11855
11855
11855
11855
11855
11855
11855
11855
11855
11855
11855
11856
11856
11856
11857
11857
11857
11857
11858
11858
11858
11859
11859
11859
11859
11860
11860
11860
11860
11861
11861
11861
11861
11862
11862
11862
11862
11862
11863
11863
11863
11863
11864
11864
11864
11864
11864
11865
11865
11865
11865
11865
11866
11866
11866
11866
11866
11867
11867
11867
11867
11868
11868
11868
11868
11868
11869
11869
11869
11869
11869
11869
11870
11870
11870
11870
11870
11871
11871
11871
11871
11871
11872
11872
11872
11872
11872
11873
11873
11873
11873
11873
11874
11874
11874
11874
11874
11875
11875
11875
11875
11875
11876
11876
11876
11876
11876
11877
11877
11877
11877
11877
11878
11878
11878
11878
11878
11879
11879
11879
11879
11879
11880
11880
11880
11880
11880
11881
11881
11881
11881
11881
11882
11882
11881
11881
11881
11881
11881
11881
11881
11881
11881
11881
11881
11880
11880
11880
11880
11880
11880
11880
11880
11880
11880
11880
11879
11879
11879
11879
11879
11879
11879
11879
11879
11879
11879
11879
11878
11878
11878
11878
11878
11878
11878
11878
11878
11878
11878
11877
11877
11877
11877
11877
11877
11877
11877
11877
11877
11877
11877
11876
11876
11876
11876
11876
11876
11876
11876
11876
11876
11876
11876
11875
11875
11875
11875
11875
11875
11875
11875
11875
11875
11875
11875
11874
11874
11874
11874
11874
11874
11874
11874
11874
11874
11874
11874
11873
11873
11873
11873
11873
11873
11873
11873
11873
11873
11873
11873
11873
11872
11872
11872
11872
11872
11872
11872
11872
11872
11872
11872
11872
11871
11871
11871
11871
11871
11871
11871
11871
11871
11871
11871
11871
11871
11870
11870
11870
11870
11870
11870
11870
11870
11870
11870
11870
11870
11870
11869
11869
11869
11869
11869
11869
11869
11869
11869
11869
11869
11869
11869
11868
11868
11868
11868
11868
11868
11868
11868
11868
11868
11868
11868
11868
11867
11867
11867
11867
11867
11867
11867
11867
11867
11867
11867
11867
11867
11866
11866
11866
11866
11866
11866
11866
11866
11866
11866
11866
11866
11866
11866
11865
11865
11865
11865
11865
11865
11865
11865
11865
11865
11865
11865
11865
11864
11864
11864
11864
11864
11864
11864
11864
11864
11864
11864
11864
11864
11864
11863
11863
11863
11863
11863
11863
11863
11863
11863
11863
11863
11863
11863
11863
11863
11862
11862
11862
11862
11862
11862
11862
11862
11862
11862
11862
11862
11862
11862
11861
11861
11861
11861
11861
11861
11861
11861
11861
11861
11861
11861
11861
11861
11861
11860
11860
11860
11860
11860
11860
11860
11860
11860
11860
11860
11860
11860
11860
11860
11859
11859
11859
11859
11859
11859
11859
11859
11859
11859
11859
11859
11859
11859
11859
11858
11858
11858
11858
11858
11858
11858
11858
11858
11858
11858
11858
11858
11858
11858
11858
11857
11857
11857
11857
11857
11857
11857
11857
11857
11857
11857
11857
11857
11857
11857
11857
11856
11856
11856
11856
11856
11856
11856
11856
11856
11856
11856
11856
11856
11856
11856
11856
11855
11855
11855
11855
11855
11855
11855
11855
11855
11855
11855
11855
11855
11855
11855
11855
11855
11854
11854
11854
11854
11854
11854
11854
11854
11854
11854
11854
11854
11854
11854
11854
11854
11854
11853
11853
11853
11853
11853
11853
11853
11853
11853
11853
11853
11853
11853
11853
11853
11853
11853
11852
11853
11853
11853
11853
11854
11854
11854
11854
11855
11855
11855
11855
11855
11855
11855
11855
11855
11855
11855
11855
11855
11855
11855
11855
11855
11855
11855
11855
11855
11854
11854
11854
11854
11854
11854
11854
11854
11854
11854
11854
11854
11854
11854
11854
11854
11854
11854
11853
11853
11853
11853
11853
11853
11853
11853
11853
11853
11853
11853
11853
11853
11853
11853
11853
11853
11852
11852
11852
11852
11852
11852
11852
11852
11852
11852
11852
11852
11852
11852
11852
11852
11852
11852
11852
11852
11851
11851
11851
11851
11851
11851
11851
11851
11851
11851
11851
11851
11851
11851
11851
11851
11851
11851
11851
11851
11851
11850
11850
11850
11850
11850
11850
11850
11850
11850
11850
11850
11850
11850
11850
11850
11850
11850
11850
11850
11850
11850
11849
11849
11849
11849
11849
11849
11849
11849
11849
11849
11849
11849
11849
11849
11849
11849
11849
11849
11849
11849
11849
11849
11849
11848
11848
11848
11848
11848
11848
11848
11848
11848
11848
11848
11848
11848
11848
11848
11848
11848
11848
11848
11848
11848
11848
11848
11847
11847
11847
11847
11847
11847
11847
11847
11847
11847
11847
11847
11847
11847
11847
11847
11847
11847
11847
11847
11847
11847
11847
11847
11846
11846
11846
11846
11846
11846
11846
11846
11846
11846
11846
11846
11846
11846
11846
11846
11846
11846
11846
11846
11846
11846
11846
11846
11846
11845
11845
11845
11845
11845
11845
11845
11845
11845
11845
11845
11845
11845
11845
11845
11845
11845
11845
11845
11845
11845
11845
11845
11845
11845
11845
11844
11844
11844
11844
11844
11844
11844
11844
11844
11844
11844
11844
11844
11844
11844
11844
11844
11844
11844
11844
11844
11844
11844
11844
11844
11844
11844
11844
11844
11843
11843
11843
11843
11843
11843
11843
11843
11843
11843
11843
11843
11843
11843
11843
11843
11843
11843
11843
11843
11843
11843
11843
11843
11843
11843
11843
11843
11843
11854
11872
11890
11908
11926
11944
11962
11980
11998
12016
12034
12053
12071
12089
12091
12091
12091
12091
12091
12091
12091
12091
12091
12091
12091
12091
12091
12091
12091
12091
12091
12091
12091
12091
12091
12091
12091
12091
12091
12091
12091
12091
12091
12090
12090
12090
12090
12090
12090
12090
12090
12090
12090
12090
12090
12090
12090
12090
12090
12090
12090
12090
12090
12090
12090
12090
12090
12090
12090
12090
12090
12090
12090
12090
12090
12090
12090
12090
12090
12089
12089
12089
12089
12089
12089
12089
12089
12089
12089
12089
12089
12089
12089
12089
12089
12089
12089
12089
12089
12089
12089
12089
12089
12089
12089
12089
12089
12089
12089
12089
12089
12089
12089
12089
12089
12089
12089
12088
12088
12088
12088
12088
12088
12088
12088
12088
12088
12088
12088
12088
12088
12088
12088
12088
12088
12088
12088
12088
12088
12088
12088
12088
12088
12088
12088
12088
12088
12088
12088
12088
12088
12088
12088
12088
12088
12088
12088
12087
12087
12087
12087
12087
12087
12087
12087
12087
12087
12087
12087
12087
12087
12087
12087
12087
12087
12087
12087
12087
12087
12087
12087
12087
12087
12087
12087
12087
12087
12087
12087
12087
12087
12087
12087
12087
12087
12087
12087
12087
12087
12087
12086
12086
12086
12086
12086
12086
12086
12086
12086
12086
12086
12086
12086
12086
12086
12086
12086
12086
12086
12086
12086
12086
12086
12086
12086
12086
12086
12086
12086
12086
12086
12086
12086
12086
12086
12086
12086
12086
12086
12085
12085
12085
12085
12085
12085
12085
12085
12085
12085
12085
12085
12085
12085
12085
12085
12085
12085
12085
12085
12085
12085
12085
12085
12085
12085
12085
12085
12085
12085
12085
12085
12085
12085
12085
12085
12085
12085
12085
12085
12085
12085
12085
12085
12085
12085
12085
12085
12085
12085
12085
12084
12084
12084
12084
12084
12084
12084
12084
12084
12084
12084
12084
12084
12084
12084
12084
12084
12084
12084
12084
12084
12084
12084
12084
12084
12084
12084
12084
12084
12084
12084
12084
12084
12084
12084
12084
12084
12084
12084
12084
12084
12084
12084
12084
12084
12084
12084
12084
12084
12084
12084
12084
12084
12084
12084
12084
12084
12084
12083
12083
12083
12083
12083
12083
12083
12083
12083
12083
12083
12083
12083
12083
12083
12083
12083
12083
12083
12083
12083
12083
12083
12083
12083
12083
12083
12083
12083
12083
12083
12083
12083
12083
12083
12083
12083
12083
12083
12083
12083
12083
12083
12083
12083
12083
12083
12083
12083
12083
12083
12083
12083
12083
12083
12083
12083
12083
12083
12083
12083
12083
12083
12083
12083
12083
12083
12083
12083
12083
12082
12082
12082
12082
12082
12082
12082
12082
12082
12082
12082
12082
12082
12082
12082
12082
12082
12082
12082
12082
12082
12082
12082
12082
12082
12082
12082
12082
12082
12082
12082
12082
12082
12082
12082
12082
12082
12082
12082
12082
12082
12082
12082
12082
12082
12082
12082
12082
12082
12082
12082
12082
12082
12082
12082
12082
12082
12082
12082
12082
12082
12082
12082
12082
12082
12082
12082
12082
12082
12082
12082
12082
12082
12082
12082
12082
12082
12082
12082
12082
12082
12082
12082
12082
12082
12082
12082
12082
12082
12082
12082
12081
12081
12081
12081
12081
12081
12081
12081
12081
12081
12081
12081
12081
12081
12081
12081
12081
12081
12081
12081
12081
12081
12081
12081
12081
12081
12081
12081
12081
12081
12081
12081
12081
12081
12081
12081
12081
12081
12081
12081
12081
12081
12081
12081
12081
12081
12081
12081
12081
12081
12081
12081
12081
12081
12081
12081
12081
12081
12081
12081
12081
12081
12081
12081
12081
12081
12081
12081
12081
12081
12081
12081
12081
12081
12081
12081
12081
12081
12081
12081
12081
12081
12081
12081
12081
12081
12081
12081
12081
12081
12081
12081
12081
12081
12081
12081
12081
12081
12081
12081
12081
12081
12081
12081
12081
12081
12081
12081
12081
12081
12081
12081
12081
12081
12081
12081
12081
12081
12081
12081
12081
12081
12081
12081
12081
12081
12081
12081
12081
12081
12081
12081
12081
12081
12081
12081
12081
12081
12081
12082
12082
12083
12083
12084
12085
12086
12087
12088
12089
12091
12093
12095
12097
12100
12103
12106
12110
12113
12118
12122
12127
12133
12139
12145
12152
12160
12168
12177
12186
12196
12206
12218
12230
12242
12256
12270
12284
12300
12316
12334
12351
12370
12388
12408
12427
12447
12467
12487
12508
12529
12550
12571
12592
12614
12635
12657
12678
12699
12720
12742
12762
12783
12804
12824
12844
12863
12882
12901
12919
12937
12954
12971
12987
13002
13017
13031
13045
13057
13069
13081
13091
13101
13110
13118
13125
13132
13137
13142
13146
13149
13151
13152
13153
13152
13151
13149
13146
13142
13137
13132
13126
13119
13111
13103
13094
13084
13073
13062
13051
13038
13025
13012
12998
12984
12969
12953
12938
12922
12905
12888
12871
12854
12836
12818
12800
12782
12763
12745
12726
12707
12688
12670
12651
12632
12613
12594
12576
12557
12538
12520
12502
12484
12466
12448
12431
12413
12397
12380
12363
12347
12332
12316
12301
12286
12272
12258
12245
12232
12219
12207
12195
12184
12173
12163
12153
12144
12136
12128
12120
12114
12107
12102
12097
12093
12089
12086
12084
12082
12081
12081
12081
12082
12084
12086
12090
12093
12098
12103
12110
12116
12124
12132
12141
12150
12161
12171
12183
12195
12208
12221
12236
12250
12265
12281
12298
12314
12332
12350
12368
12387
12406
12425
12445
12465
12485
12506
12527
12548
12569
12590
12612
12633
12654
12676
12697
12718
12739
12760
12781
12802
12822
12842
12861
12880
12899
12917
12935
12952
12969
12985
13000
13014
13028
13040
13052
13063
13064
13065
13066
13068
13069
13070
13071
13072
13073
13074
13075
13076
13077
13078
13079
13080
13081
13082
13082
13083
13084
13085
13086
13087
13087
13088
13089
13090
13090
13091
13092
13092
